0
-457
-6664
6721
5279
-8683
4395
4132
8707
-1892
-5923
14
4207
-3740
4499
2353
9264
-5754
-492
-5461
-5517
-2383
372
7473
-5860
-8493
-8890
-2555
3123
-476
8487
-948
-8834
4629
8149
4207
-5969
6802
7877
4383
631
7161
9034
208
-757
8216
9406
8846
-5173
1882
2025
-2897
9106
-7740
4607
4529
-3157
4027
6196
1592
8969
4798
-1540
9386
-5458
-3518
9453
-726
1970
-2937
-343
-7215
-919
-5597
-6881
-419
-492
-8967
8995
9582
-7183
1176
-8396
7683
-5850
-6342
8260
-7441
-9164
9525
-438
4611
4567
3989
9421
-7118
-3143
-412
-2504
-1684
-2361
-1537
4304
9557
8085
5672
-8625
265
2272
-5033
8674
6901
8871
8525
4124
4506
6883
5827
3344
9081
279
-4199
7741
-6175
-6262
7517
5295
682
-6260
-717
-6137
950
-522
5759
5079
689
-5844
-510
-1000
265
6746
-1635
-9864
7004
-3476
8627
-8059
6996
-4326
9525
2020
-9522
8916
-5062
-7573
5662
-8205
-9236
2616
6176
-7873
-6989
-762
-5462
-5491
4547
-2925
3061
349
-2559
-6284
4514
-399
-1108
6216
3406
2114
-9396
4952
-5282
9593
-6379
9585
4607
-8964
-1021
7900
-8736
-1132
-6815
-8074
-4085
4610
7304
6741
-6978
8977
8115
-2605
-8121
4618
-7293
-8400
-7203
-9615
8072
4646
4648
5715
-718
1486
-2827
9591
-1385
9853
-642
-8401
-7357
4619
-5824
-3943
9290
8568
-6134
4975
-439
7618
1455
-7273
4525
-3784
-1742
-554
4819
3769
3948
8837
-392
-3597
8601
-9317
-6165
-190
-5441
-9637
-7386
-1105
7374
-3928
627
-7036
2564
-1341
-1448
-4511
-6579
-6088
-699
9615
1276
-9664
4685
-8383
1088
2551
-4477
-6315
8462
4258
479
4487
-5816
-8126
-294
-817
-4612
-9626
3216
9816
-8796
3625
-365
5375
-2747
9720
-8901
4634
-9889
-5716
4623
225
-6745
1292
3214
-1122
3579
8373
7440
-863
3441
6880
9741
8861
-9602
-9890
-5187
-5303
8664
7276
9479
-7505
-1294
9731
4327
734
-7107
3314
-241
278
-9827
6900
-268
-1159
-268
2509
-909
-7713
-5699
6804
-5329
8208
4700
-5794
-2721
-8776
-7566
-7204
-5767
-9930
-5824
8414
7725
-9101
3878
4658
6413
-4043
-8887
6551
9535
-1704
3177
9451
-4181
-1094
-4882
-3297
4429
2611
-6050
-5470
1637
4096
950
1170
6305
9771
4114
1589
9448
-4035
-6035
-2065
-5220
9411
-6506
7624
-6992
-7397
4192
9585
-6578
1400
-1864
6223
-7185
9785
-226
898
4707
-2671
-9041
9272
-1841
9685
117
3339
-6714
8743
-6003
-660
-345
-7194
1333
-269
-1892
-2191
1912
6311
-6522
-3570
-7362
-3153
-5379
8978
-4551
7990
4917
9630
-1898
1281
-1544
-3476
1894
6633
-7047
5038
7061
-1854
9766
8655
-9954
-6206
413
-9751
-7522
3926
-1196
-156
-3678
-2337
-356
552
-4437
-4969
9848
4525
-1991
3473
1150
-8334
2461
3571
-821
1808
-570
9725
9817
-284
-174
5520
8491
3784
4855
-2841
-6412
-3546
9565
-2881
40
254
3909
-5260
-9032
-676
-131
-5335
-8370
104
-8586
7847
1688
-188
6880
4224
-242
2754
4224
-109
8174
-8816
2545
-983
1722
7538
-3609
-3307
5388
9835
3049
2529
2505
-7947
-2581
-131
-6178
7558
-3840
5686
2827
-2495
3442
4124
6883
4807
9231
9240
6968
8764
5337
3831
-6728
-4752
2551
-1201
-3602
-2807
1652
4224
2817
-5517
-1442
-8855
-6336
-8473
-5318
-4309
5927
-178
5520
-4215
9525
6892
-88
2437
7775
9725
295
9655
-5713
-5086
-7818
2869
4558
3135
-1430
-4217
-1653
8942
-1257
-1453
-5906
-7746
6304
1369
353
-3668
-3666
-8272
3181
-5065
-4109
7498
-7416
-7619
9962
4917
3417
-899
7839
-5336
394
1082
-83
4057
5774
-68
801
8953
4921
-5210
9848
9544
4851
-90
-5131
3077
-99
2906
8939
-1641
-82
-349
6425
1212
-5753
-74
-6498
6609
-72
-5042
-7296
-4297
-5552
65
-9971
-6786
-5079
3298
6067
-268
-3487
-226
-9411
8363
7796
-2600
4920
-5036
9632
6026
-35
8219
-239
-6806
-3775
6413
4919
4082
-9649
8678
-6264
-894
-4054
-7245
4789
-5593
1398
-1367
3474
6851
4170
3964
9823
9957
-1761
-4031
-7933
-438
1970
-1039
-356
-6785
2086
3816
-4419
-5977
1470
40
7299
5010
5016
-9905
-4982
3214
-6244
9648
-374
-5107
3463
5360
3825
-7007
-3851
-9888
9611
5148
-36
-4884
8174
-438
356
-4881
-5036
-4444
-5079
5008
8703
-4749
-4805
5177
-1738
3813
106
-9718
6359
48
-7113
-5027
1726
-574
17
1888
230
-2683
700
-9823
-7718
-4983
-5144
-166
-4899
9810
5923
9781
-4794
-2270
3074
-6982
3237
6929
-9875
-3309
5181
9995
2112
9847
-9272
6570
4464
-5002
9641
8481
-4612
-938
-1225
-8201
-2893
-4689
-5736
-396
-6013
-5370
-9592
-4613
235
9490
-913
-9914
4986
1126
8326
-5480
5311
-9584
5321
-9718
-1913
8655
1656
-9590
5363
8449
8123
-2349
1835
436
5483
-3108
251
211
-911
-8950
6519
-6501
73
6047
-457
7019
5282
1202
-6217
6642
5549
-7128
5195
5400
-9713
5132
-78
-9590
-3589
399
5501
-9922
4511
-4432
6120
5347
469
-5278
-9712
3743
-1311
9747
-1145
-376
8992
-8085
-3353
4414
-5362
-5105
-4432
5006
5891
-4713
9946
5447
-306
5008
526
-9953
5338
-4437
6644
9810
-9545
2000
8484
573
5595
2463
-4465
-4740
650
848
-9241
-9074
2463
-4740
-9388
-1576
7920
-4432
-4242
-6334
-16
6427
-9535
-9454
-4253
1140
-5129
-348
-4243
5259
-9199
9589
1649
879
5647
780
-5424
9892
627
974
580
-4711
-3691
5613
-5165
5764
-9756
-433
9897
461
1254
-4130
-7747
862
433
-4629
-9987
-5724
5117
-5920
5848
5409
-4046
9263
-9618
5313
-9309
4746
4880
-9388
-5020
1185
-9285
-188
-62
-5376
-9914
9854
-397
-9088
3345
-4675
-2290
3674
-1056
-9180
4696
2481
2789
-463
-4604
5462
-9150
-6999
-9483
8778
8571
-4300
8561
-2409
6184
5478
-9652
-4204
-9305
4298
4179
185
3715
7191
-1935
8841
271
4524
5406
2215
-736
-8890
898
4037
847
-9014
-9414
-4313
-6066
-6316
1054
-6220
-9333
-9127
-3352
-1132
-5247
5079
3926
5347
-4204
-6131
7951
-88
5424
-4695
-9241
-4327
669
-553
-858
5758
-1222
4500
-5967
-7426
-9367
-4923
9711
5507
-4712
5284
-9845
-349
349
6447
555
-6131
9916
-4764
541
-1240
6048
4832
5809
-397
-9089
-9727
-8544
6692
-4837
-6065
949
5173
4981
8373
7298
-8553
-4717
2621
-2310
659
-3935
2583
-277
796
-703
792
5118
-1023
-9959
8674
-802
-813
8778
5044
776
-4733
5903
5313
-9297
-1062
-4028
-9193
7276
-6137
2850
-7536
-1383
9957
-9940
5420
220
-3487
-5125
9766
4916
-4867
-9457
-6827
3795
5958
565
8755
-4867
-2209
-4349
-1937
6059
2337
-3589
999
-392
9018
-5002
-124
2479
1092
-6665
5367
-7817
5848
-1906
983
-3876
8005
5837
-3920
-8845
5467
-4006
-9546
-3955
5307
-9144
-3374
6055
-8205
-4199
9352
-1442
-9003
-5472
-6090
6996
549
-345
-1453
-7126
4986
-3906
8837
-6559
-4881
-3957
4805
-2393
374
7282
-9164
-447
-4543
-7355
-1385
-3825
153
-4591
-9683
-861
117
-4130
4221
5949
4412
-2211
5462
-3891
-4090
580
-4228
-9858
-8964
-4764
-2261
6227
6260
-6529
-1042
-4180
-853
7555
-1820
-4445
6159
-2754
4664
3928
-5249
806
962
-570
6041
4769
1894
-8857
-3784
-2868
42
5267
5373
8888
-9037
864
976
-3744
-9364
2906
-4510
-4954
-8334
-2930
-2514
5626
9848
6296
284
115
-6826
3990
-4293
750
6311
-2509
2868
-9199
-6577
1617
9106
-703
6229
-783
6268
-8750
9245
-5858
6194
110
1347
6011
-3001
5662
711
-4653
9957
1318
374
8374
4478
-54
-4387
5144
8651
5209
1178
-4046
577
-5540
-8896
-3836
-9140
-6472
-9099
6385
6205
-1455
9083
6255
5203
-7131
-4068
-660
295
5896
-6389
6390
963
-8736
8269
-1836
-1028
6095
-1877
333
4221
6176
-4222
-3992
-9313
-5470
9429
2639
-5051
6422
-8819
410
9981
-7194
-7695
4826
-1912
-9375
-9121
-3845
-4300
-3965
-5020
9893
24
7966
-9914
3784
6643
9741
4791
-85
972
4971
-7184
9933
-8627
-3968
6127
4127
5377
-6940
1374
6820
-4218
8208
-9234
5256
-9753
8711
6425
5406
-5396
5221
278
4873
-8645
355
2427
6067
935
1088
6296
-9888
-5114
-8122
7340
5138
9984
-3955
407
-5482
-5067
1088
-9233
1941
-2309
2681
4448
1054
841
8239
-9207
-8506
-4042
-8504
-9492
-3602
5367
-3820
5020
-9340
-3742
-9176
5629
2940
9149
9668
1110
-4553
7929
2220
74
-9749
-282
1017
-312
1321
6480
-9131
195
2154
-7686
4286
-1288
-57
1566
-3798
6019
5047
-4321
7058
-3876
-5374
-8447
-8526
5365
4647
-6076
-3019
-9696
-7737
1104
5257
-14
-3561
1088
6817
-9141
6919
1519
801
-3801
6076
-3951
-3437
-2838
738
-1069
1421
4145
7820
1725
6224
-4200
-4993
6490
-3480
5426
7908
7151
-3998
4000
8860
-265
8435
-3337
-5558
-6637
6011
-8631
3845
407
-2815
8966
3904
1158
826
-8768
-3964
-3584
1726
-3105
2282
-4205
-9215
5980
-6080
-6838
-3884
-8573
2268
-257
-6537
-9149
9657
6289
1644
-8843
-9007
-8553
9607
3806
-3778
5041
-451
-3345
3711
4983
-1449
-6787
-9177
-6736
-6840
-4368
-3119
8911
-9986
-4486
6603
6145
5671
7186
-8750
-5713
-4436
-3353
-3413
4855
-6722
2859
6643
6957
9142
-3891
-1365
6021
-4328
5386
-4168
-4477
-1706
-3801
-8844
-4923
-741
5337
-3203
5719
8484
-6287
-5284
-5230
-3384
6334
-4495
-8531
6446
-3740
-2150
-7671
-3352
-4563
8619
1496
-2605
-9813
1594
5188
28
-5727
-3456
1276
-9129
9034
1176
9879
-3476
5324
-8556
6979
-3810
-9774
5710
6279
-1288
-3561
-3241
8201
9686
5313
6465
-3243
-8970
9811
6771
8688
-8723
-4590
-9753
-3775
-4377
-6941
-1093
6390
-6998
9986
9879
-9304
5462
9961
879
4804
-1042
-5656
2211
8736
5741
-9696
-7436
5104
6076
-8472
-2366
4412
-9564
6528
-8651
-4716
-9363
6659
-9029
6224
9224
271
-5062
709
3428
-3201
9421
-1887
-5043
7636
-9959
8446
-3884
-4749
-3534
-5095
-9714
-1533
-8444
-8779
-3906
1529
1111
8825
3314
8955
8611
-3920
5837
-3556
9067
-9824
-1454
1595
9766
-300
-5405
-4780
8442
1739
9694
1208
-1696
-8630
6413
-4008
1619
-9131
5375
-4042
-6050
3743
-9139
-4349
6076
-8553
-7922
9944
3806
-5597
1615
-9302
1050
5276
-8625
771
-3345
6343
-6522
3885
-8775
-707
-8428
-4647
-2209
2053
-5206
3531
1305
-5154
-328
2299
728
-9890
8044
-3221
-9649
-8376
5113
8916
-6778
7853
-8691
-4432
-455
-9441
1017
6327
2231
-4689
1414
-258
-1578
-1240
5690
-8340
5909
-8896
949
-3846
5026
-44
4192
-9780
-3997
-4368
6690
-4185
995
-9884
1245
-8522
-3749
-4548
-3156
6164
5801
2485
-8682
6548
6123
-8205
4529
888
-3798
-6051
178
6327
-2925
6967
659
9469
552
6523
-3325
-9944
-7120
-6141
-8034
9780
-4432
19
-2314
6702
7006
1894
-503
5500
4696
3373
-3408
-2270
-5187
1678
1774
-7704
6530
6154
-8466
842
-5623
-2857
1964
-9129
-4161
-8732
5841
-9418
3994
5218
1703
-8228
1843
-3807
-7818
-9457
2805
-5070
-9029
2972
7612
4863
-833
792
-3007
-2959
-8872
3428
-991
262
57
384
627
-1359
6810
-9389
-4046
4221
813
5377
-9537
-5579
-5036
6863
-1696
-7489
1086
-4689
-3408
-2451
-138
-2925
-6716
-7570
-5512
-8052
278
6683
-6493
-8736
6217
-6650
6994
-1982
8454
6385
-8389
-2115
9453
309
-8533
5764
8802
1374
-9798
6194
6225
-2993
6749
8977
-3955
7352
8868
3828
-8008
-3972
-9740
-8277
-3902
1151
1973
6795
-4981
7799
6516
-3167
1199
-124
-2290
-1724
6976
-6746
5487
1245
542
4360
-7107
-8082
8085
-1553
467
6177
6019
-5373
-8834
-9062
7853
-3592
2994
6986
9323
6336
-5896
-2506
3843
-9599
8426
-9241
996
2260
-3523
586
-5456
-8435
-2029
-6614
9766
5445
6702
-8224
3565
1156
4353
265
-7878
7001
-8838
1882
-3413
-8586
8397
-8445
-4433
2535
-9483
-9706
-8401
-5137
-6333
-3476
-3487
-1616
995
8661
4322
-7986
-9229
3239
-679
2742
-1147
-1377
6387
1170
3552
-7933
5115
-2125
9061
5532
2057
6580
-3161
-6152
-8407
6037
4917
6441
-268
211
591
-3543
6778
-5193
1709
-4236
6762
-3723
4791
-5542
1595
5445
4806
217
-1332
1166
-9233
6762
6491
-9693
-6890
8346
-7679
-9553
-9870
-8711
2215
1786
5369
-2781
-1538
-3613
-4968
5762
2072
9910
5181
-3105
2833
4583
776
-5185
5044
-1023
2815
-3897
-8707
-85
-8511
6833
7109
1756
-5886
6038
-7497
-3230
-1444
6363
1568
6775
-8811
-7079
-5488
6948
-8224
4383
479
-9367
3743
24
5264
2692
4742
8888
-4274
7665
-4405
-2763
7622
-5810
-7854
-5629
2190
-8493
-4668
5686
-7501
5768
-1888
-9727
8226
-204
-2140
6726
-3940
6551
3882
1757
-8858
-4525
-4199
-3267
-8443
-4080
6430
6895
3706
4712
-21
1515
1983
6838
262
974
3537
-8586
1789
356
-8472
-400
-3157
-1384
6226
-3391
1138
1616
-109
-8701
-494
-8389
-47
-820
-5146
3207
-8770
5807
-2799
215
2219
1049
-8896
1110
1315
9944
6224
3466
-5215
-4253
9829
-4422
-1120
-3060
4610
-2773
-5030
-4512
4785
9352
-2633
-1001
-4794
-1635
-6685
-9367
5483
9854
2224
6733
9933
8882
1586
-2838
-9703
-9812
8866
4952
6654
880
-9635
-5114
-4992
8238
-5090
-8232
8666
1710
-2677
-5458
2107
6587
9596
1566
-6541
1113
-1094
1882
9069
-5958
-202
5714
6860
6976
-8311
7282
-3079
3181
-3872
-8134
4103
-3751
-8438
3383
-4365
208
6878
-5144
-4490
-2785
-1047
-4660
-6196
-6818
353
-7649
7245
9956
1635
-7442
-3483
-6503
7212
2336
-7827
-8756
-7607
3741
-8227
-3408
4677
2337
6427
-6141
-2664
2712
6403
-7921
-7191
5015
-7787
-1120
-8298
724
-6035
-4689
6551
-2702
-772
-2703
-9229
-8396
-3408
-3346
3852
-4562
2190
-4819
6728
-2775
8161
259
-8272
6762
1846
4016
-1916
5146
-7291
-9162
-2605
6883
4840
-2679
-7630
1158
8372
-2417
-6389
9090
-7440
-329
7350
-3043
-2568
2240
4312
9195
-31
110
700
-3413
8565
-9049
9829
-3477
-3157
623
-2857
2427
-6149
7001
-7694
-8342
8426
-3876
4619
-4651
-2763
2108
1291
5178
3230
-7573
-629
6188
-2941
6614
5777
7626
-8226
-1036
1151
4419
-7548
-8877
-8743
-4372
-7668
2081
-7681
6883
-6666
9720
-2555
-3091
-951
-6691
1962
-7912
-2773
-1699
4191
4150
-4042
-8884
-8826
5854
-7535
-5147
950
8363
-7607
-7764
2170
6762
4291
2050
646
-7713
-7063
5533
976
-8048
6396
950
-3740
-9400
-7505
1374
7425
1296
-4502
-3272
-8324
-9690
342
4126
-7489
-9896
-6079
-7523
-5271
1096
560
164
7151
1185
-3122
-5107
2002
-3762
9616
-4868
-3532
-2947
-7388
2190
-9018
-1023
3158
-8165
-3325
-3071
-4137
2276
-7600
-2441
-7034
1504
-8445
-4321
211
7722
7479
7252
-1745
6254
-7498
-7780
-5194
678
7781
675
1939
2069
7488
1395
-3355
601
-2441
3850
-3951
6733
-9098
1575
6798
2136
99
1809
-5362
-9457
-2795
2209
-519
2216
-7285
6798
-3673
-1269
-4432
-5164
-2627
-6531
-3961
-3542
9424
7339
8874
5191
7260
2027
-6566
-8575
-2819
-8727
9103
-6714
9981
3483
-9162
-8464
-236
7636
2307
-9242
3578
6798
3882
-7022
-2589
-2955
1575
-5546
5103
-9483
-7107
3330
6868
-7341
-9900
-7536
7966
5478
-4229
2551
-9590
-4422
7191
-5780
-9386
8325
2136
-295
-970
-8121
-195
-3240
-8873
-4204
7507
2329
-6162
5033
4714
-9424
-7371
-306
7531
9557
-8820
215
-5129
1597
-6071
-1736
7655
-9615
-1879
806
1590
-7047
-3352
7189
-2947
-8877
-9564
7192
269
-9840
-8533
6315
7555
6435
-7704
-2902
-4923
3584
-3272
8023
-2745
-8379
-5597
-1686
5762
-7641
-990
617
-5385
7519
-7633
-8012
-6308
4880
3972
7047
-6602
-5165
2073
-54
-4267
8695
-2445
-9812
3417
2789
269
1156
5632
-8224
-2361
-7677
2231
-9743
7059
3159
7195
-1024
6872
-8296
-9753
1405
-5231
3044
2654
265
4200
-3839
2169
-2663
-557
-3279
-2667
-123
2366
9254
4412
5931
5401
-2417
-3775
244
5487
6359
8015
7259
7741
-4712
-6534
433
-8018
-2050
6577
5789
-3106
-1309
-6569
-7482
-5548
-690
7129
-4722
9986
-3955
7636
-5713
161
552
-3704
6013
5462
4016
756
-8920
6595
8489
-5843
7377
-7548
309
4791
-8829
1146
-8533
1155
-4842
-3944
-9140
-9837
1659
1673
1563
3482
-4019
1776
1457
5326
1656
-8595
2468
-3832
-8293
-7051
-2864
-3156
4012
-9314
7677
-8897
-2257
-1471
-8787
-1138
5764
6595
7583
-5000
3888
-8443
6238
5281
-8769
7665
-679
-7337
9265
9174
-2110
-7841
-9816
722
-2653
2620
-3928
2848
-4872
8583
208
2381
-4474
-8269
-6838
-3894
8342
-8165
-6284
-2409
2234
7416
5593
118
-8210
-7680
-2118
6106
6887
502
262
-1506
-3793
7102
-3353
74
-7713
-7293
5399
8659
-9677
-7910
-3267
3483
3062
5798
8326
9810
-8483
2405
4331
2833
-2116
-3690
8585
-2705
-8205
2663
-4780
-4644
-71
7676
2268
-4896
-4652
-7232
-4709
-2487
-3081
-3839
4696
-7425
8926
-2780
7723
5229
9991
-8431
6859
-3839
5768
-9677
666
-4792
-4477
-1354
-8322
1126
-5977
-7155
2429
-8297
353
-2872
-7161
6108
-3942
4797
7887
-2525
7717
17
-1128
-3738
8424
-2632
2871
-2867
-6009
2285
8453
2789
-7241
-2182
-8919
1346
2946
-5074
-6257
2139
2729
-7544
-3165
-124
1608
-7522
1408
738
2145
-8993
-1696
-7662
-3327
122
-8079
8623
-284
-1643
-3079
-2907
-7115
2
7461
-8920
-7816
7222
-2209
3376
-9101
-2109
9816
5185
1477
-9535
-2660
-7137
7192
-7721
-2464
-5835
7832
-7245
-7896
-5198
2869
-4241
5629
-1910
1493
-3899
8818
8731
-7734
-4125
-7191
2487
225
7242
734
6135
-2719
4955
-4328
7800
8
-6498
1793
-3704
-3322
-7893
2285
-1564
-7870
-7818
-7345
6154
3420
-2579
-6385
3214
3852
-2012
-8474
-9965
-5969
7784
8788
5570
4506
2526
6662
1391
8466
6242
-7118
2180
-110
9323
6806
-2327
-2366
6519
-8653
-249
-7605
2276
6733
-5846
-8507
-5451
2969
-2747
5535
2938
-2213
7510
7696
-7371
-3775
-2747
7741
-2270
-2078
-9079
7299
8962
2696
-489
-7300
73
-8541
1790
-7006
-983
-7231
9434
7812
-4308
987
-4253
-3177
3030
122
3651
858
3806
8584
-7126
7996
6918
-4340
2047
2336
-7746
2057
-7224
-6940
-4113
7623
-4844
7156
-3523
5047
1679
1343
9854
-9563
-9342
399
-1939
7958
7455
1996
2622
4554
6135
-3507
2744
-5138
-2529
91
-6011
-4043
-3007
2782
7340
9147
-3071
-379
6951
-1258
6156
5839
-7250
7849
-5777
-3828
9917
-2074
7206
7812
528
7762
6142
-5472
-3259
2021
5195
-2504
-7651
-9439
-3649
-6975
-7250
-5046
-2085
-5162
9005
9648
8711
-18
2804
-7087
-7479
9
-3613
6862
2361
-4528
2833
5733
2130
-7154
-7113
-2470
-2776
-2555
1505
-2451
7990
-5451
3969
-8714
4823
8921
1417
1799
7805
-7791
-6904
2285
-7072
4027
-4224
7214
-668
-8575
1113
-9095
5928
6363
2500
-4130
-2768
6847
-5920
-9772
9251
-4070
5118
-2553
2802
4900
-237
-8950
989
-9441
-7545
3061
-3979
386
-8473
-4819
-7665
-3828
-7254
5072
-2109
7951
4886
-2856
-3572
-3388
-7995
-257
9259
8619
9246
2627
1556
-3305
-5362
-7680
-7166
7329
-2445
-3158
-4274
2551
7575
-1492
7900
-7002
2062
-1188
-3037
-7107
-7528
-1537
-791
2509
-4691
7562
-7128
-8901
-9231
-2874
3001
1888
7884
-8196
806
-6977
4389
7139
2470
720
-6279
4207
-3067
-2813
-6838
2271
8178
-7872
-3652
-220
5558
-1913
7966
2733
-4649
-813
5031
2928
1332
-7209
-1738
-7172
5269
-6242
-8899
-6472
9276
7934
-9749
2387
-3352
7620
8824
-3373
-4313
-7605
7574
5092
8972
-4740
8195
-4738
1605
-7463
-9955
-4837
-8736
-9050
536
9811
-6732
5364
7299
6981
-8648
-3964
-174
-3060
7588
-7291
8506
-1358
6151
-7236
3000
-2807
-3521
-3879
1228
1253
65
8179
-5021
4499
-2284
-4791
-6589
-3374
-2941
1869
7192
2445
-3937
-2084
-1724
-9310
4039
-1934
-4536
-8618
5181
550
3681
-9454
3428
2848
1530
-4127
3677
-5923
4786
8041
-1863
5884
-3833
9246
-7991
228
1780
9231
7378
-8717
8190
8020
-1381
7778
-3902
7819
-7426
-6913
-6240
-5713
6654
-2270
-2361
-7191
-9243
-2907
5619
1931
3897
6532
2467
7778
6771
-4180
-1460
1428
9974
5767
820
8320
-6361
6141
-3609
-9093
-6577
356
6224
-3330
6329
-1684
-8240
-1042
-9101
-7080
-4226
-3037
-4206
6127
-9982
-2346
1783
-7059
3105
-3272
7900
7622
-7482
-8544
8398
3312
1887
-6956
-4036
5097
8453
3885
-9765
6076
-1724
-2346
-5131
9263
6413
-1642
-3909
5634
-2451
3029
1426
6235
-8187
207
91
8586
-6316
-1722
-6644
-7196
2162
-5476
-3495
-1997
631
9081
-6152
-2893
6968
-7129
-2982
6396
-2827
1471
-1780
-6622
7340
7133
3322
728
-4157
-6685
-2146
-167
3204
-7267
-1991
-7280
-5288
-7737
-3775
8212
-7268
8280
-1160
-2306
5264
3052
-7729
7831
-2046
4427
-6599
-6299
-1895
-5736
-9135
8202
-46
-7900
1283
-3968
-522
-6665
7383
-8970
-2310
-1862
2343
7741
166
-5107
7534
738
5867
-8607
3339
-8991
5658
4807
-3919
-2935
1110
-2082
4506
-4546
9480
3403
-7728
-5367
926
-2189
-1717
5126
8338
6019
5367
-6702
8374
-7063
-5162
-9582
-1698
9652
7424
2820
8159
-6989
-2083
1861
-5644
-9285
-493
4646
-7653
-1641
809
4455
2271
-1821
-7367
-1916
2011
-5288
7976
1703
5699
-7191
3095
-1642
-2960
3265
-1809
6808
-8778
-3468
2425
-9554
5047
-7184
-6633
-1279
5406
-7740
-7258
-1787
-2802
4710
-7589
-6132
349
2195
2234
8174
-6749
7873
536
7196
-1533
-7570
7112
-6739
-6957
2043
7469
-7035
4240
3030
-2310
2818
2046
-3509
7110
4325
6776
-1664
-7558
8178
7049
-4090
-7881
-1727
-1601
-5165
8201
4016
-3596
8489
888
8469
-1269
-4766
-4779
-7451
8502
3370
1522
2285
-1552
-3357
4975
8124
5632
8826
5890
-7688
4016
8326
271
-3091
-7791
-5513
-1610
9999
-3237
1705
1367
8395
9725
117
-5050
-7322
-3856
5089
-8351
7860
-8467
5571
-4303
9994
-2773
3408
-1916
4318
-7362
8298
2860
1000
653
-6472
-5967
-2467
8508
-8970
-8391
7452
-8214
8446
4955
-8547
-9096
-8298
413
-1731
-1752
1017
-1724
-8970
-239
-1470
-7077
7624
-9335
-2773
3560
-9492
-7113
-376
-9131
-4316
-9149
-7291
-8778
-4180
1688
-6132
-1610
-6592
7282
-6515
-2570
8211
7203
7520
-2514
253
3103
1642
-1432
3742
-8274
3370
5375
2059
-5860
5156
-6755
-1552
8019
-7991
7441
-1285
-2491
-1544
3265
3201
1907
7538
-6918
-783
5230
6643
4174
-6761
-6633
-6038
20
-2055
1210
6235
-6165
1163
1921
-9667
6528
-9492
4221
690
-8970
-9235
8367
-865
2060
6165
-3236
-8444
-8388
7757
-7397
2216
2126
-9823
-1724
6037
5927
-3847
7568
-2539
-3981
7920
-7511
2272
8888
-7212
3589
5337
1555
-5908
-4085
3326
6022
-5086
58
-6545
-2016
-4673
8454
-9344
3200
1642
3406
3172
-815
9817
-1448
8583
8301
-3810
-7791
-8895
1602
-3180
-2028
-124
-9635
5686
-8271
4112
5324
8336
5112
1170
7573
1545
6410
6997
-3764
-8877
-7851
2437
-5623
-9872
3824
-2799
499
6205
8525
-9219
-7183
8680
-6300
-1770
-2463
4054
-1467
1586
-1017
2108
880
8621
2081
-8872
6766
-4254
9029
560
7692
7340
8450
7363
-8042
6078
6570
-2351
1138
456
-6821
-6452
-1543
-1756
-1742
2887
-6435
3216
898
7302
9401
-1885
904
1545
7216
-244
7778
-6307
-6917
-6259
-4307
-2219
-1629
3697
-6501
-1664
9317
3655
3237
-9809
-8666
-3522
-2665
2468
7412
-6520
-1297
-9335
-5290
-1724
-8537
8069
-3181
6833
556
-4892
8297
1777
6004
-2827
-7133
8191
8615
-8580
-8928
-2160
8350
-2693
3508
5284
-5292
1690
5420
7052
9956
-7840
-8839
8087
-4021
6274
6427
-7126
-3589
-1525
-6578
8870
9681
8446
-9991
5720
1180
-7870
-2968
-4076
3651
-1706
7844
3738
-8425
5723
8178
7976
-1811
8591
-1248
7263
-4576
-4977
8124
-1488
-1039
2358
8239
-2082
7461
8446
-3906
1139
-7079
8
-4303
6317
1086
7093
-6906
6957
3711
8211
2231
-1269
-1991
4831
2025
3524
9596
-6231
-9145
3700
7577
-3201
5048
-7816
-7979
8513
4057
-7285
-4258
-4982
-9121
8921
-6308
9329
-3177
3994
9685
8595
7685
8634
6071
-6821
7704
4093
4208
-212
6156
-1430
3246
-2674
1882
2837
-6284
-8233
-7978
-4046
7271
5631
-4569
-9602
3691
3250
-3845
7948
2869
-7933
8759
-2393
6393
3464
-5623
881
5638
-6177
1888
-6443
-2857
8491
-3742
-6176
-6333
8750
8664
-6290
2952
-1811
-8780
8666
-1017
3816
5445
-1385
-7577
-4512
-9144
-6753
-4766
7014
3524
-6595
-1686
-1194
3699
-6300
2818
3140
2806
-3284
-7126
-7791
5411
1859
-7072
-8877
3576
7075
-7063
3824
-7860
989
2591
-1240
5017
6997
-1780
-6506
-1347
-6806
1790
1996
6614
8561
-8787
9409
1151
-6308
8802
9907
-6435
-6566
-7154
-686
-2525
9155
-6788
-156
7086
-1635
-6829
-7451
5844
-7124
-3300
-7851
-1317
2784
-9655
-3005
-6676
-2617
-4232
-6841
8421
-7771
6994
6057
-1236
27
3350
-8369
8585
-1822
1931
-1430
-9555
8688
4389
-6838
4121
-2428
2053
8674
-4768
-4843
6975
-7350
-25
4683
2513
8069
-6672
8624
-5129
-5317
-1096
-9567
-5331
-9547
7568
8643
3698
8410
-1122
7452
-6352
3443
-2118
-6150
9305
-2417
-4834
-1119
6635
3248
613
-7878
-1239
8784
1208
4818
5549
-5540
7890
3368
-7910
-1107
5156
-6569
-6353
8556
-2947
6311
-6080
-7269
-5094
-4712
9033
8740
8395
3576
6603
-2160
8526
8800
-1773
-2116
-1341
-8272
-2797
-2229
-1440
-6071
4886
3932
-599
5445
-3941
-7764
5906
6850
2153
6004
-3254
-2451
14
8462
-3075
-1599
-2528
-7441
-6176
7086
6185
-1074
-1317
-8426
-4303
-6411
2623
8736
8105
-2591
8122
6141
-2241
8124
-7225
5901
5634
3761
9139
9079
-1107
-7397
-6071
-4305
6727
8757
-1635
-167
8476
9929
8900
8219
5311
3322
-1563
5326
-6342
2764
-1169
234
-240
8658
3207
-5714
4258
-9095
-2823
8422
-8052
7876
-5598
3723
-9420
5978
3531
-2747
6727
-3857
-9144
7488
-5046
-1214
3172
-1313
643
3473
-2286
-785
3824
-7236
-6655
-7786
-1182
-9420
-3573
5634
1638
-1220
-5002
5936
-1204
5774
-4046
-626
6551
9845
1505
-1430
7879
1876
-4510
-5379
-664
-8920
-6165
-5348
-6452
-8887
-2861
1335
-3523
2536
-7126
5951
-7411
2168
-1017
159
-5362
3570
-8703
9322
-9411
2827
8831
-8950
9594
-6507
7139
5588
6224
-1170
8972
-2581
1875
3851
1615
1798
8537
-7833
2967
3625
-3091
-2441
-7218
-8592
5221
-4483
2969
3699
-9356
1418
4570
-8379
8736
-6506
2285
8621
5885
-7797
-6051
8825
-2846
-6159
7539
8995
-5481
-938
-9231
-3981
8930
-1318
-5474
9137
-5105
-6403
-4752
9029
-1039
-9335
-6433
7347
3784
1556
7181
6485
433
8491
5994
724
-7341
-2475
-9590
9146
8803
6155
-6088
-8903
-2203
9031
-7895
8595
-5923
-5529
527
5662
-1881
-7258
-5021
8488
6601
8735
-1077
7464
-6742
-3755
6913
-6302
-7127
1450
-1182
9585
4630
9224
-9266
-1453
3781
-9366
3303
7403
5145
-1784
-1051
-3001
7769
471
796
7596
5012
3576
8624
-8161
3724
573
-6887
-5396
4107
-9586
3851
-6332
-514
-6522
-1724
6427
8913
6396
5759
-4722
-7745
8775
-2527
9153
-952
-8241
5071
4149
3045
-9953
9557
3986
-6633
797
8655
-5759
6539
-4050
-9683
1693
-8553
3807
4583
-2110
4084
1780
1337
-8575
5881
1291
4175
-8053
3510
7758
-1023
6205
-7857
3183
217
9062
4389
1628
-1017
-8
-5335
3583
4125
-3972
-859
-1648
-9777
-2205
5401
3
-2968
-5986
9153
-7071
5693
-1493
-178
4022
8256
-291
9127
-7703
9267
-6165
-6159
6834
-7272
9712
-1007
3116
4454
7434
1770
422
-975
-3914
4016
9095
-4971
8784
3871
-3114
-1793
3140
3069
-7436
3850
3716
-7708
-1190
-2607
-7250
-6404
-6162
-6092
5678
3989
-9385
1340
-7720
8382
-7655
-8837
-983
7163
-1230
-5682
8780
3973
-6009
-4255
4047
4342
-6653
-7033
2047
-1457
8107
3392
-1119
2449
-8423
-8438
4205
-3079
-6152
9095
6727
9147
-4019
-2361
-1007
-1542
3199
5191
-907
-2731
8838
-6211
5830
-9400
8812
-8438
995
8623
789
3246
-9236
-2393
-1011
6863
-2512
5841
4086
8485
9025
9108
3994
8346
-6102
5062
3387
-783
-4983
9440
608
-7204
4147
-192
-2028
-5858
-5072
-850
4087
9037
-8493
-6231
-6213
-2555
-2506
-6265
5878
8324
-5860
-5129
-430
-3483
989
-8770
-6187
-2445
-7120
3264
7948
-1852
-5591
-6978
3950
3909
-5775
-1573
7029
8956
-8379
4643
-755
1402
-7014
-7874
-184
9053
4087
-6232
7920
7558
-2177
1635
1493
1623
220
-3072
-5860
4240
27
3466
-1549
4314
3863
-8409
-1581
-5923
9347
-8210
-1000
-5610
-908
7221
1823
-6498
-2439
-5981
-5826
2391
4126
2645
7001
792
-6035
9845
5276
8571
5355
6659
66
7414
-5890
-3775
8583
-846
9106
5929
8658
9578
-3584
9014
7422
-174
-896
-8780
6565
-1696
2913
8318
-351
958
3354
-9083
-2665
-7737
-5714
-869
-7363
2512
8057
-4844
-8493
8859
8368
-814
-899
-1097
3541
-9353
-6176
-2769
1575
-2082
2649
-5883
796
8899
-6061
-8361
3406
-9389
-4253
-2113
42
8064
9885
4798
724
-1194
-2031
-4253
-8665
9112
-7232
4037
4414
-865
-1422
3994
-5714
-787
-6152
-5895
9582
-9007
4528
-2995
-6685
-1616
6410
3508
2057
-1953
-5739
2052
9470
-4476
-9170
-4706
6450
-1334
8454
-9848
1261
-2076
-8999
4277
-5707
8899
-6137
-2409
4815
8408
-6926
9585
-402
-739
4344
3264
-3831
8735
6533
-7694
3349
4298
-5491
-9132
669
9049
-2031
3624
-6661
-5830
-2768
-2857
-5715
-1259
8064
-3272
-2487
7425
-7673
-6348
9846
-1538
5726
6734
3466
2712
-6014
8127
40
2690
-5738
-6818
407
-5917
9908
-7020
8442
4552
-1144
-5810
4361
-5718
-9367
-8717
2310
279
4350
-4182
8688
-5886
-3512
2551
555
-3105
-654
-2310
8090
8783
5254
-5826
2741
-4613
31
-5855
9200
-8226
6127
-654
6134
-8377
-6903
-4578
3969
-2846
-834
-6352
1046
9187
-6983
-9564
9251
8619
4360
-6677
-6566
-7386
-635
-7154
-3165
-4173
-32
-1042
6094
-2001
-8614
-9945
-8920
9131
-4193
86
6697
-3146
3885
4176
2011
-3888
-6673
-9543
8759
8298
-642
-1817
-8896
-1440
-668
-7344
-7110
-6990
9414
528
9837
1402
4823
-9303
-252
3498
8884
-1584
9267
4755
-6165
-3309
1635
-7102
4552
9260
-817
7639
-629
-710
-5300
-7577
5299
-9115
9463
2353
3945
-992
-5971
7489
3945
508
6722
-6134
8487
-8884
4225
8659
5230
-1344
4382
1405
-923
9425
1736
4247
8706
2348
4386
9654
9452
6390
2117
-994
4314
4414
9423
942
6643
9532
-2802
-9584
8926
3943
-565
-5716
-7276
-8553
-5543
6718
-5540
6298
-763
-5718
4389
3373
8171
-8876
2463
4711
-7307
-771
-2294
705
-6146
4198
9286
-6284
9535
-499
-4401
4350
5678
-5819
5462
-1648
2072
9455
3742
7769
-3550
-8964
6201
3723
-5625
9462
-8553
-5042
-2576
-2913
-2768
2282
4203
1411
312
8629
-150
5958
-7605
3403
-962
-9649
-755
-6760
-5801
76
5264
4207
-6330
3494
5173
-6313
9766
-783
8302
7162
-3957
-6320
8375
-5757
-616
9521
3473
-504